Id    Bloco   Andar   Final  Sala Cozinha Banheiro  Dorm  Rachadura Infiltr
    1      A        1      1    27.8   7.9     5.0     11.6      0        0
    2      A        1      2    28.3   7.3     5.4     13.1      0        0
    3      A        1      3    27.1   7.1     5.0     14.9      0        0
    4      A        1      4    26.5   8.4     3.9     12.4      1        1
    5      A        2      1    27.7   7.6     4.7     12.1      0        0
    6      A        2      2    28.3   7.7     4.6     14.3      0        0
    7      A        2      3    27.7   8.1     3.9     13.0      0        0
    8      A        2      4    28.1   7.7     4.5     14.4      0        0
    9      A        3      1    26.6   8.2     3.5     13.0      1        1
   10      A        3      2    27.3   7.6     3.8     12.8      0        0
   11      A        3      3    27.4   8.3     4.6     12.4      0        0
   12      A        3      4    26.5   8.1     4.3     13.0      1        1
   13      A        4      1    29.2   8.2     4.9     13.9      0        0
   14      A        4      2    28.8   8.4     4.5     12.0      0        0
   15      A        4      3    29.4   6.8     4.5     10.0      0        0
   16      A        4      4    27.8   9.2     4.7     10.0      0        0
   17      A        5      1    26.3   8.1     3.6     14.3      1        1
   18      A        5      2    27.6   8.4     3.5     11.0      0        0
   19      A        5      3    29.3   8.2     4.0     15.0      0        0
   20      A        5      4    28.6   8.2     3.8     13.2      0        0
   21      A        6      1    26.9   7.5     4.4     15.2      1        1
   22      A        6      2    30.0   7.5     4.3     13.0      0        0
   23      A        6      3    30.9   7.8     5.3     11.8      0        0
   24      A        6      4    27.4   7.8     4.2     12.5      1        0
   25      A        7      1    26.6   8.8     3.9     12.9      1        1
   26      A        7      2    27.5   8.1     4.7     12.7      1        0
   27      A        7      3    28.0   8.2     5.2     13.7      1        0
   28      A        7      4    27.8   7.0     4.8     13.0      1        0
   29      A        8      1    27.1   8.1     4.6     12.7      1        0
   30      A        8      2    28.4   7.9     3.9     14.6      1        0
   31      A        8      3    28.3   8.4     4.4     12.4      1        0
   32      A        8      4    27.6   8.0     4.6     12.2      1        0
   33      A        9      1    26.8   8.1     4.6     13.6      1        1
   34      A        9      2    27.0   8.3     4.6     13.8      1        1
   35      A        9      3    28.6   7.8     3.9     12.2      1        0
   36      A        9      4    27.6   7.7     4.7     12.7      1        0
   37      A       10      1    28.2   6.9     4.4     12.4      1        0
   38      A       10      2    28.9   8.3     4.4     14.7      0        0
   39      A       10      3    28.3   7.9     4.3     11.7      1        0
   40      A       10      4    27.9   8.0     4.6     11.1      1        0
   41      A       11      1    27.0   8.2     4.6     13.4      1        1
   42      A       11      2    27.9   8.2     4.5     11.3      1        0
   43      A       11      3    27.7   8.0     4.5     12.6      1        0
   44      A       11      4    25.6   7.9     4.1     11.2      1        1
   45      A       12      1    30.4   8.1     4.7     13.6      0        0
   46      A       12      2    27.5   8.4     5.2     12.2      1        0
   47      A       12      3    29.5   8.1     3.7     11.1      0        0
   48      A       12      4    28.9   8.0     4.9     13.4      0        0
   49      A       13      1    29.0   8.7     4.9     12.0      0        0
   50      A       13      2    29.0   7.7     4.3     13.1      0        0
   51      A       13      3    29.7   8.0     5.3     15.4      0        0
   52      A       13      4    28.5   7.9     4.1     12.0      1        0
   53      A       14      1    29.7   8.5     5.1     12.0      0        0
   54      A       14      2    28.2   8.1     4.5     12.5      1        0
   55      A       14      3    27.9   7.8     5.1     13.8      1        0
   56      A       14      4    29.3   6.5     3.7     12.9      0        0
   57      A       15      1    29.5   7.7     4.5     13.0      0        0
   58      A       15      2    28.0   8.4     4.5     15.9      1        1
   59      A       15      3    28.9   7.5     4.9     15.2      0        0
   60      A       15      4    28.3   8.0     5.0     14.1      1        1
   61      A       16      1    26.0   8.1     4.9     13.2      1        1
   62      A       16      2    25.6   8.1     4.1     13.0      1        1
   63      A       16      3    30.1   7.6     4.1     13.3      0        0
   64      A       16      4    28.2   7.0     4.6     13.4      0        1
   65      A       17      1    28.8   7.7     3.9     12.9      0        0
   66      A       17      2    27.2   7.9     4.5     12.3      0        1
   67      A       17      3    27.5   8.2     3.9     12.8      0        1
   68      A       17      4    29.0   8.5     5.2     13.4      0        0
   69      A       18      1    28.5   7.9     4.4     13.7      0        1
   70      A       18      2    27.7   7.9     4.5     13.9      0        1
   71      A       18      3    29.3   7.9     4.0     12.6      0        0
   72      A       18      4    27.9   8.0     4.9     14.1      0        1
   73      A       19      1    27.9   7.1     4.4     13.0      0        1
   74      A       19      2    27.9   7.5     4.4     12.0      0        1
   75      A       19      3    29.3   8.5     3.7     13.0      0        0
   76      A       19      4    27.6   7.4     4.1     11.6      0        1
   77      B        1      1    23.2   8.2     5.2     15.1      0        0
   78      B        1      2    23.0   7.7     4.4     13.6      0        0
   79      B        1      3    22.9   7.8     4.6     13.3      0        0
   80      B        1      4    22.0   7.8     4.2     13.5      1        1
   81      B        2      1    24.1   9.1     4.2     11.5      0        0
   82      B        2      2    22.9   7.3     3.9     13.3      0        0
   83      B        2      3    22.4   7.2     4.1     12.2      0        0
   84      B        2      4    23.0   8.3     3.7     10.7      0        0
   85      B        3      1    24.6   8.4     4.6     12.2      0        0
   86      B        3      2    22.3   7.1     4.0     11.2      0        0
   87      B        3      3    25.0   8.6     4.7     11.8      0        0
   88      B        3      4    22.9   8.1     4.6     13.7      0        0
   89      B        4      1    23.8   7.5     4.2     15.4      0        0
   90      B        4      2    22.4   7.9     4.6     14.3      0        0
   91      B        4      3    21.7   7.8     5.4     12.6      1        1
   92      B        4      4    24.5   8.0     4.4     12.9      0        0
   93      B        5      1    24.1   7.6     4.7     12.5      0        0
   94      B        5      2    23.9   8.6     4.1     14.3      0        0
   95      B        5      3    22.5   8.4     4.8     12.2      0        0
   96      B        5      4    23.9   8.1     5.0     11.3      0        0
   97      B        6      1    23.1   7.4     4.3     15.5      1        0
   98      B        6      2    22.2   7.6     4.7     10.6      1        0
   99      B        6      3    23.5   8.6     4.7     12.9      1        0
  100      B        6      4    23.7   8.0     4.6     13.6      1        0
  101      B        7      1    21.5   6.4     4.5     14.7      1        1
  102      B        7      2    21.2   8.6     4.8     11.1      1        1
  103      B        7      3    22.8   7.9     5.5     11.3      1        0
  104      B        7      4    21.8   7.5     4.1     13.0      1        1
  105      B        8      1    22.7   9.1     4.6     13.1      1        0
  106      B        8      2    24.7   8.0     4.9     10.8      0        0
  107      B        8      3    24.3   7.6     4.8     12.9      0        0
  108      B        8      4    22.5   7.5     3.5     13.6      1        0
  109      B        9      1    24.1   7.6     3.8     13.5      0        0
  110      B        9      2    23.7   8.4     4.2     12.9      1        0
  111      B        9      3    23.1   7.6     3.9     13.8      1        0
  112      B        9      4    24.2   7.5     4.0     13.0      0        0
  113      B       10      1    23.6   7.2     4.2     14.6      1        0
  114      B       10      2    23.9   7.4     4.5     12.4      0        0
  115      B       10      3    24.1   7.6     3.8     12.8      0        0
  116      B       10      4    22.5   7.8     4.6     13.2      1        0
  117      B       11      1    21.5   8.6     5.3     11.3      1        1
  118      B       11      2    23.7   8.4     4.3     12.1      1        0
  119      B       11      3    23.4   7.5     4.7     13.2      1        0
  120      B       11      4    24.6   7.6     4.9     12.7      0        0
  121      B       12      1    23.3   8.3     2.9     12.6      1        0
  122      B       12      2    22.7   7.4     3.8     13.2      1        0
  123      B       12      3    23.9   7.8     4.7     14.7      0        0
  124      B       12      4    22.5   6.8     4.3     13.2      1        0
  125      B       13      1    22.5   7.1     5.1     12.7      1        0
  126      B       13      2    23.2   9.6     4.8     12.6      1        0
  127      B       13      3    23.3   7.8     4.1     14.4      1        0
  128      B       13      4    22.8   7.4     4.5     14.7      1        0
  129      B       14      1    23.1   8.7     4.9     13.3      1        0
  130      B       14      2    23.1   6.6     4.9     12.3      1        0
  131      B       14      3    23.2   8.7     4.6     13.0      1        0
  132      B       14      4    22.8   8.4     5.5     12.5      1        0
  133      B       15      1    22.0   6.7     4.8     12.5      1        1
  134      B       15      2    22.9   8.2     4.4     12.9      1        1
  135      B       15      3    23.4   7.7     4.5     14.0      1        1
  136      B       15      4    23.9   7.9     4.5     13.7      0        0
  137      B       16      1    23.3   8.6     3.9     11.6      0        1
  138      B       16      2    22.7   8.0     4.2     12.3      0        1
  139      B       16      3    23.5   8.6     4.1     13.6      0        1
  140      B       16      4    23.6   7.8     4.0     14.3      0        0
  141      B       17      1    22.5   8.0     5.1     13.3      0        1
  142      B       17      2    20.9   7.6     3.5     13.3      1        1
  143      B       17      3    22.5   7.0     4.8     14.2      0        1
  144      B       17      4    22.8   7.0     4.0     13.3      0        1
  145      B       18      1    22.3   7.5     5.8     11.3      0        1
  146      B       18      2    23.6   8.3     5.3     12.0      0        0
  147      B       18      3    22.8   8.6     3.6     11.5      0        1
  148      B       18      4    23.5   7.4     4.3     12.2      0        1
  149      B       19      1    24.1   8.3     4.8     12.9      0        0
  150      B       19      2    24.1   8.0     4.5     10.9      0        0
  151      B       19      3    23.0   8.5     4.3     11.7      0        1
  152      B       19      4    22.7   7.8     4.2     15.7      0        1
1